# To eliminate crossover, just set cross_iters > max_iters
#num_swarms, num_sparticles, num_dims,     max_iters,  omega,      omega_decay,      c1,       c2,       exchange_iters,    num_exchange,  num_reps,  benchmark_fcn, m,  cross_iters, unhealthy_ratio, unhealthy_iters, mut_prob, max_vel, fitness_sample_interval
# 64,           128,              16,        40000,       0.729,        1.0,            1.49445,      1.49445,      40002,               24,            20,          1,            4, 100,          1.1, 40002, 0.0, 100.0, 50
# 64,           128,              16,        40000,       0.729,        1.0,            1.49445,      1.49445,      40002,               24,            20,          4,            4, 100,          1.1, 40002, 0.0, 100.0, 50
# 64,           128,              16,        40000,       0.729,        1.0,            1.49445,      1.49445,      40002,               24,            20,          9,            4, 100,          1.1, 40002, 0.0, 100.0, 50
# 64,           128,              16,        40000,       0.729,        1.0,            1.49445,      1.49445,      40002,               24,            20,          14,           4, 100,          1.1, 40002, 0.0, 100.0, 50
# 64,           128,              16,        40000,       0.729,        1.0,            1.49445,      1.49445,      40002,               24,            20,          19,           4, 100,          1.1, 40002, 0.0, 100.0, 50

# 64,           128,              16,        40000,       0.729,        1.0,            1.49445,      1.49445,      40002,               24,            20,          1,            4, 50,          1.1, 40002, 0.0, 100.0, 50
# 64,           128,              16,        40000,       0.729,        1.0,            1.49445,      1.49445,      40002,               24,            20,          4,            4, 50,          1.1, 40002, 0.0, 100.0, 50
# 64,           128,              16,        40000,       0.729,        1.0,            1.49445,      1.49445,      40002,               24,            20,          9,            4, 50,          1.1, 40002, 0.0, 100.0, 50
# 64,           128,              16,        40000,       0.729,        1.0,            1.49445,      1.49445,      40002,               24,            20,          14,           4, 50,          1.1, 40002, 0.0, 100.0, 50
# 64,           128,              16,        40000,       0.729,        1.0,            1.49445,      1.49445,      40002,               24,            20,          19,           4, 50,          1.1, 40002, 0.0, 100.0, 50

# 64,           128,              16,        40000,       0.729,        1.0,            1.49445,      1.49445,      40002,               24,            20,          1,            4, 25,          1.1, 40002, 0.0, 100.0, 50
# 64,           128,              16,        40000,       0.729,        1.0,            1.49445,      1.49445,      40002,               24,            20,          4,            4, 25,          1.1, 40002, 0.0, 100.0, 50
# 64,           128,              16,        40000,       0.729,        1.0,            1.49445,      1.49445,      40002,               24,            20,          9,            4, 25,          1.1, 40002, 0.0, 100.0, 50
# 64,           128,              16,        40000,       0.729,        1.0,            1.49445,      1.49445,      40002,               24,            20,          14,           4, 25,          1.1, 40002, 0.0, 100.0, 50
# 64,           128,              16,        40000,       0.729,        1.0,            1.49445,      1.49445,      40002,               24,            20,          19,           4, 25,          1.1, 40002, 0.0, 100.0, 50

# 64,           128,              16,        40000,       0.729,        1.0,            1.49445,      1.49445,     40002,               24,            20,          1,            52, 100,          0.4, 16, 0.4, 100.0, 50
# 64,           128,              16,        40000,       0.729,        1.0,            1.49445,      1.49445,      40002,               24,            20,          2,            4, 40002,          0.4, 16, 0.4, 5.0,   50
# 64,           128,              16,        40000,       0.729,        1.0,            1.49445,      1.49445,      40002,               24,            20,          3,            4, 40002,          0.4, 16, 0.4, 32.0,  50
# 64,           128,              16,        40000,       0.729,        1.0,            1.49445,      1.49445,      40002,               24,            20,          4,            4, 40002,          0.4, 16, 0.4, 100.0, 50
# 64,           128,              16,        40000,       0.729,        1.0,            1.49445,      1.49445,      40002,               24,            20,          5,            4, 40002,          0.4, 16, 0.4, 5.0,   50
# 64,           128,              16,        40000,       0.729,        1.0,            1.49445,      1.49445,      40002,               24,            20,          6,            4, 40002,          0.4, 16, 0.4, 32.0,  50
# 64,           128,              16,        40000,       0.729,        1.0,            1.49445,      1.49445,      40002,               24,            20,          7,            4, 40002,          0.4, 16, 0.4, 100.0, 50
# 64,           128,              16,        40000,       0.729,        1.0,            1.49445,      1.49445,      40002,               24,            20,          8,            4, 40002,          0.4, 16, 0.4, 100.0, 50
# 64,           128,              16,        1000,       0.729,        1.0,            1.49445,      1.49445,      40002,               24,            1,          9,            4, 40002,          0.4, 16, 0.4, 100.0, 50
# 64,           128,              16,        40000,       0.729,        1.0,            1.49445,      1.49445,      40002,               24,            20,          10,           4, 40002,          0.4, 16, 0.4, 5.0,   50
# 64,           128,              16,        40000,       0.729,        1.0,            1.49445,      1.49445,      40002,               24,            20,          11,           4, 40002,          0.4, 16, 0.4, 32.0,  50
# 64,           128,              16,        40000,       0.729,        1.0,            1.49445,      1.49445,      40002,               24,            20,          12,           4, 40002,          0.4, 16, 0.4, 100.0, 50
# 64,           128,              16,        40000,       0.729,        1.0,            1.49445,      1.49445,      40002,               24,            20,          13,           4, 40002,          0.4, 16, 0.4, 100.0, 50
# 64,           128,              16,        40000,       0.729,        1.0,            1.49445,      1.49445,      40002,               24,            20,          14,           4, 40002,          0.4, 16, 0.4, 100.0, 50
# 64,           128,              16,        40000,       0.729,        1.0,            1.49445,      1.49445,      40002,               24,            20,          15,           4, 40002,          0.4, 16, 0.4, 5.0,   50
# 64,           128,              16,        40000,       0.729,        1.0,            1.49445,      1.49445,      40002,               24,            20,          16,           4, 40002,          0.4, 16, 0.4, 32.0,  50
# 64,           128,              16,        40000,       0.729,        1.0,            1.49445,      1.49445,      40002,               24,            20,          17,           4, 40002,          0.4, 16, 0.4, 100.0, 50
# 64,           128,              16,        40000,       0.729,        1.0,            1.49445,      1.49445,      40002,               24,            20,          18,           4, 40002,          0.4, 16, 0.4, 100.0, 50
# 64,           128,              16,        40000,       0.729,        1.0,            1.49445,      1.49445,      40002,               24,            20,          19,           4, 40002,          0.4, 16, 0.4, 100.0, 50
# 64,           128,              16,        40000,       0.729,        1.0,            1.49445,      1.49445,      40002,               24,            20,          20,           4, 40002,          0.4, 16, 0.4, 100.0, 50

64,           128,              32,        1000,       0.729,        1.0,            1.49445,      1.49445,      100,               24,            1,          21,           4, 100,          0.4, 16, 0.4, 100.0, 50
# 64,           128,              16,        40000,       0.729,        1.0,            1.49445,      1.49445,      40002,               24,            20,          22,           4, 5,          1.1, 40002, 0.0, 5.0,   50
# 64,           128,              16,        40000,       0.729,        1.0,            1.49445,      1.49445,      40002,               24,            20,          23,           4, 5,          1.1, 40002, 0.0, 32.0,  50
# 64,           128,              16,        40000,       0.729,        1.0,            1.49445,      1.49445,      40002,               24,            20,          24,           4, 5,          1.1, 40002, 0.0, 100.0, 50
